time        tok/s   gen/s  req/s    ttft95    itl95   run  wait   kv%  preem  cpuV  cpuA  gpu%
09:59:00      328     271   1.20        76       24     4     0     2   0.00  0.11  1.05   100
09:59:30       75      66   0.32        75       24     0     0     0   0.00  0.16  1.04     0
10:00:00       74      50   0.12        74       24     4     0     2   0.00  0.16  0.97     0
10:00:30      501     405   1.32        91       40    16     0     5   0.00  0.17  0.67   100
10:01:00      849     576   2.92        98       47    21     0     9   0.00  0.16  0.43   100
10:01:30*    1160     921   3.72       210       48    39     0    12   0.00  0.21  0.09   100
10:02:00*    1882    1242   4.84       234       49    67     0    35   0.00  0.26  0.05   100
10:02:30*    2296    1667   5.72       239       57   101     0    41   0.00  0.29  0.06   100
10:03:00*    2789    2268   7.00       241       71   140     0    59   0.00  0.33  0.08   100
10:03:30*    3490    2722   8.44       242       73   191     0    88   0.00  0.40  0.09   100
10:04:00*    3879    2982   9.92       243       74   221     0    93   0.00  0.46  0.11   100
10:04:30     3527    2890   8.60      7225       80   195   121    99  12.67  0.51  0.13   100
10:05:00     3500    2729   8.36     17334       88   224   245   100  15.40  0.54  0.14   100
10:05:30     3403    2702   8.16     32552       92   162   510   100  10.72  0.54  0.14   100
10:06:00     3766    2877   9.08     42817       95   226   657    99  15.32  0.54  0.14   100
10:06:30     3185    2651   7.76     70629       96   182   979   100  16.76  0.53  0.14   100
10:07:00     3845    2827   9.76     75441       97   187  1245   100  11.60  0.54  0.15   100

SCORE (best valid 3-min window, * rows): total 2583 tok/s, 6.61 req/s, running max 221, TTFT p95 max 243 ms, ITL p95 max 74 ms, window 10:01:30-10:04:00
