time        tok/s   gen/s  req/s    ttft95    itl95   run  wait   kv%  preem  cpuV  cpuA  gpu%
15:57:18        0       0   0.00       242       49     0     0     0   0.00  0.17  0.40     0
15:57:48        0       0   0.00       242       49     0     0     0   0.00  0.11  0.03     0
15:58:18        0       0   0.00       242       49     0     0     0   0.00  0.07  0.38     0
15:58:48      158     138   0.00        99       47     4     0     6   0.00  0.03  0.65   100
15:59:18      264     258   0.12        97       24     4     0     7   0.00  0.10  0.86   100
15:59:48       55      55   0.08        97       24     0     0     0   0.00  0.15  0.77     0
16:00:18        0       0   0.00        97       24     0     0     0   0.00  0.15  0.70     0
16:00:48       21      19   0.00        97       24     1     0     1   0.00  0.11  0.43     0
16:01:18       36      34   0.04        58       24     1     0     0   0.00  0.10  0.39     0
16:01:48      251     228   0.08        77       24     6     0     6   0.00  0.14  0.18   100
16:02:18      429     408   0.24        90       35    11     0    10   0.00  0.20  0.03   100
16:02:48      502     468   0.16        98       47    15     0    18   0.00  0.21  0.03   100
16:03:18      635     614   0.28       194       48    23     0    26   0.00  0.21  0.03   100
16:03:48      766     730   0.28       227       48    33     0    37   0.00  0.20  0.04   100
16:04:18      968     868   0.60       237       49    40     0    46   0.00  0.20  0.04   100
16:04:48      951     929   0.64       240       49    42     0    47   0.00  0.20  0.04   100
16:05:18      996     948   0.60       241       49    47     0    50   0.00  0.21  0.05   100
16:05:48*    1155    1096   0.64       242       49    52     0    55   0.00  0.21  0.05   100
16:06:18*    1196    1118   0.52       242       50    61     0    71   0.00  0.22  0.05   100
16:06:48*    1375    1291   0.64       242       71    72     0    82   0.00  0.23  0.06   100
16:07:18*    1424    1367   0.68       242       73    82     0    90   0.00  0.24  0.06   100
16:07:48*    1701    1460   1.16       249       73    86     0    98   0.56  0.25  0.06   100
16:08:18*    1225    1197   0.72       912       74    66    34    99   1.52  0.25  0.07   100
16:08:48     1548    1364   0.84     33957       74    83    35    99   2.80  0.26  0.07   100
16:09:18     1451    1289   0.88     37365       74    75    62    99   3.44  0.26  0.07   100
16:09:48     1443    1369   0.76     38258       75    77    82    99   3.40  0.26  0.07   100
16:10:18     1582    1491   0.96     74041       75    86    91   100   9.04  0.27  0.07   100

SCORE (best valid 3-min window, * rows): total 1346 tok/s, 0.73 req/s, running max 86, TTFT p95 max 912 ms, ITL p95 max 74 ms, window 16:05:48-16:08:18
